5616429 0 0.0000 2.7964 0.0000
5617424 0 0.3000 2.7964 0.0000
5618426 0 0.3000 2.7964 0.0000
5619427 0 0.3000 2.7964 0.0000
5620425 0 0.3000 2.7964 0.0000
5621423 0 0.3000 2.7964 0.0000
5622422 0 0.3000 2.7964 0.0000
5623425 0 0.3000 2.7964 0.0000
5624424 0 0.3000 2.7964 0.0000
5625425 0 0.3000 2.7964 0.0000
5626426 0 0.3000 2.7964 0.0000
5627426 0 0.3000 2.7964 0.0000
5628426 0 0.3000 2.7964 0.0000
5629428 0 0.3000 2.7964 0.0000
5630428 0 0.3000 2.7964 0.0000
5631429 0 0.3000 2.7964 0.0000
5632422 0 0.3000 2.7964 0.0000
5633422 0 0.3000 2.7964 0.0000
5634429 0 0.3000 2.7980 0.0015
5635424 0 0.3000 2.8149 0.0169
5636427 0 0.3000 2.8471 0.0322
5637424 0 0.3000 2.8885 0.0414
5638423 0 0.3000 2.9406 0.0522
5639427 0 0.3000 3.0051 0.0644
5640427 0 0.3000 3.0802 0.0752
5641423 0 0.3000 3.1723 0.0920
5642427 0 0.3000 3.2735 0.1012
5643427 0 0.3000 3.3824 0.1089
5644426 0 0.3000 3.3824 0.0000
5645427 0 0.3000 3.3824 0.0000
5646427 0 0.3000 3.3824 0.0000
5647428 0 0.3000 3.3824 0.0000
5648429 0 0.3000 3.3824 0.0000
5649422 0 0.3000 3.3824 0.0000
5650422 0 0.3000 3.3824 0.0000
5651423 0 0.3000 3.3824 0.0000
5652423 0 0.3000 3.3824 0.0000
5653424 0 0.3000 3.3824 0.0000
5654428 0 0.3000 3.5005 0.1181
5655428 0 0.3000 3.6309 0.1304
5656424 0 0.3000 3.7721 0.1411
5657428 0 0.3000 3.9209 0.1488
5658424 0 0.3000 4.0881 0.1672
5659426 0 0.3000 4.2599 0.1718
5660425 0 0.3000 4.4393 0.1795
5661424 0 0.3000 4.6296 0.1902
5662424 0 0.3000 4.6296 0.0000
5663425 0 0.3000 4.6296 0.0000
5664426 0 0.3000 4.6296 0.0000
5665426 0 0.3000 4.6296 0.0000
5666426 0 0.3000 4.6296 0.0000
5667426 0 0.3000 4.6296 0.0000
5668427 0 0.3000 4.6296 0.0000
5669427 0 0.3000 4.6296 0.0000
5670427 0 0.3000 4.6296 0.0000
5671428 0 0.3000 4.6296 0.0000
5672428 0 0.3000 4.6296 0.0000
5673429 0 0.3000 4.6296 0.0000
5674423 0 0.3000 4.6296 0.0000
5675422 0 0.3000 4.6296 0.0000
5676422 0 0.3000 4.6296 0.0000
5677422 0 0.3000 4.6296 0.0000
5678422 0 0.3000 4.6296 0.0000
5679422 0 0.3000 4.6296 0.0000
5680423 0 0.3000 4.6296 0.0000
5681424 0 0.3000 4.6296 0.0000
5682424 0 0.3000 4.6296 0.0000
5683425 0 0.3000 4.6296 0.0000
5684425 0 0.3000 4.6296 0.0000
5685426 0 0.3000 4.6296 0.0000
5686425 0 0.3000 4.6296 0.0000
5687426 0 0.3000 4.6296 0.0000
5688425 0 0.3000 4.6296 0.0000
5689426 0 0.3000 4.6296 0.0000
5690427 0 0.3000 4.6296 0.0000
5691428 0 0.3000 4.6296 0.0000
5692429 0 0.3000 4.6296 0.0000
5693429 0 0.3000 4.6296 0.0000
5694422 0 0.3000 4.6296 0.0000
5695423 0 0.3000 4.6296 0.0000
5696423 0 0.3000 4.6296 0.0000
5697424 0 0.3000 4.6296 0.0000
5698424 0 0.3000 4.6296 0.0000
5699424 0 0.3000 4.6296 0.0000
5700425 0 0.3000 4.6296 0.0000
5701425 0 0.3000 4.6296 0.0000
5702426 0 0.3000 4.6296 0.0000
5703427 0 0.3000 4.6296 0.0000
5704427 0 0.3000 4.6296 0.0000
5705428 0 0.3000 4.6296 0.0000
5706428 0 0.3000 4.6296 0.0000
5707422 0 0.3000 4.6296 0.0000
5708422 0 0.3000 4.6296 0.0000
5709423 0 0.3000 4.6296 0.0000
5710425 0 0.3000 4.6296 0.0000
5711425 0 0.3000 4.6296 0.0000
5712425 0 0.3000 4.6296 0.0000
5713425 0 0.3000 4.6296 0.0000
5714425 0 0.3000 4.6296 0.0000
5715426 0 0.3000 4.6296 0.0000
5716427 0 0.3000 4.6296 0.0000
8719424 1 0.0000 1.5739 0.0000
8720424 1 0.3000 1.5739 0.0000
8721424 1 0.3000 1.5739 0.0000
8722425 1 0.3000 1.5739 0.0000
8723425 1 0.3000 1.5739 0.0000
8724425 1 0.3000 1.5739 0.0000
8725426 1 0.3000 1.5739 0.0000
8726425 1 0.3000 1.5739 0.0000
8727426 1 0.3000 1.5739 0.0000
8728426 1 0.3000 1.5739 0.0000
8729427 1 0.3000 1.5739 0.0000
8730428 1 0.3000 1.5739 0.0000
8731429 1 0.3000 1.5739 0.0000
8732422 1 0.3000 1.5739 0.0000
8733429 1 0.3000 1.5739 0.0000
8734428 1 0.3000 1.5739 0.0000
8735428 1 0.3000 1.5739 0.0000
8736422 1 0.3000 1.5739 0.0000
8737422 1 0.3000 1.5739 0.0000
8738422 1 0.3000 1.5739 0.0000
8739422 1 0.3000 1.5739 0.0000
8740423 1 0.3000 1.5739 0.0000
8741423 1 0.3000 1.5739 0.0000
8742422 1 0.3000 1.5739 0.0000
8743422 1 0.3000 1.5739 0.0000
8744422 1 0.3000 1.5739 0.0000
8745423 1 0.3000 1.5739 0.0000
8746423 1 0.3000 1.5739 0.0000
8747424 1 0.3000 1.5739 0.0000
8748424 1 0.3000 1.5739 0.0000
8749424 1 0.3000 1.5739 0.0000
8750425 1 0.3000 1.5739 0.0000
8751425 1 0.3000 1.5739 0.0000
8752425 1 0.3000 1.5739 0.0000
8753426 1 0.3000 1.5739 0.0000
8754426 1 0.3000 1.5739 0.0000
8755427 1 0.3000 1.5739 0.0000
8756428 1 0.3000 1.5739 0.0000
8757427 1 0.3000 1.5739 0.0000
8758428 1 0.3000 1.5739 0.0000
8759429 1 0.3000 1.5739 0.0000
8760422 1 0.3000 1.5739 0.0000
8761423 1 0.3000 1.5739 0.0000
8762423 1 0.3000 1.5739 0.0000
8763423 1 0.3000 1.5739 0.0000
8764422 1 0.3000 1.5739 0.0000
8765429 1 0.3000 1.5739 0.0000
8766422 1 0.3000 1.5739 0.0000
8767423 1 0.3000 1.5739 0.0000
8768423 1 0.3000 1.5739 0.0000
8769423 1 0.3000 1.5739 0.0000
8770424 1 0.3000 1.5739 0.0000
8771424 1 0.3000 1.5739 0.0000
8772425 1 0.3000 1.5739 0.0000
8773425 1 0.3000 1.5739 0.0000
8774426 1 0.3000 1.5739 0.0000
8775426 1 0.3000 1.5739 0.0000
8776426 1 0.3000 1.5739 0.0000
8777427 1 0.3000 1.5739 0.0000
8778425 1 0.3000 1.5739 0.0000
8779425 1 0.3000 1.5739 0.0000
8780426 1 0.3000 1.5739 0.0000
8781426 1 0.3000 1.5739 0.0000
8782427 1 0.3000 1.5739 0.0000
8783427 1 0.3000 1.5739 0.0000
8784428 1 0.3000 1.5739 0.0000
8785427 1 0.3000 1.5739 0.0000
8786428 1 0.3000 1.5739 0.0000
8787422 1 0.3000 1.5739 0.0000
8788422 1 0.3000 1.5739 0.0000
8789422 1 0.3000 1.5739 0.0000
8790422 1 0.3000 1.5739 0.0000
8791423 1 0.3000 1.5739 0.0000
8792424 1 0.3000 1.5739 0.0000
8793424 1 0.3000 1.5739 0.0000
8794424 1 0.3000 1.5739 0.0000
8795424 1 0.3000 1.5739 0.0000
8796424 1 0.3000 1.5739 0.0000
8797425 1 0.3000 1.5739 0.0000
8798425 1 0.3000 1.5739 0.0000
8799425 1 0.3000 1.5739 0.0000
8800426 1 0.3000 1.5739 0.0000
8801426 1 0.3000 1.5739 0.0000
8802427 1 0.3000 1.5739 0.0000
8803427 1 0.3000 1.5739 0.0000
8804427 1 0.3000 1.5739 0.0000
8805427 1 0.3000 1.5739 0.0000
8806427 1 0.3000 1.5739 0.0000
8807427 1 0.3000 1.5739 0.0000
8808428 1 0.3000 1.5739 0.0000
8809429 1 0.3000 1.5739 0.0000
8810429 1 0.3000 1.5739 0.0000
8811429 1 0.3000 1.5739 0.0000
8812428 1 0.3000 1.5739 0.0000
8813422 1 0.3000 1.5739 0.0000
8814429 1 0.3000 1.5739 0.0000
8815422 1 0.3000 1.5739 0.0000
8816422 1 0.3000 1.5739 0.0000
8817423 1 0.3000 1.5739 0.0000
8818423 1 0.3000 1.5739 0.0000
8819423 1 0.3000 1.5739 0.0000
