10824425 0 0.0000 4.0482 0.0000
10825425 0 0.3000 4.0482 0.0000
10826426 0 0.3000 4.0482 0.0000
10827427 0 0.3000 4.0482 0.0000
10828427 0 0.3000 4.0482 0.0000
10829427 0 0.3000 4.0482 0.0000
10830428 0 0.3000 4.0482 0.0000
10831421 0 0.3000 4.0482 0.0000
10832421 0 0.3000 4.0482 0.0000
10833422 0 0.3000 4.0482 0.0000
10834423 0 0.3000 4.0482 0.0000
10835423 0 0.3000 4.0482 0.0000
10836423 0 0.3000 4.0482 0.0000
10837422 0 0.3000 4.0482 0.0000
10838423 0 0.3000 4.0482 0.0000
10839423 0 0.3000 4.0482 0.0000
10840424 0 0.3000 4.0482 0.0000
10841424 0 0.3000 4.0482 0.0000
10842425 0 0.3000 4.0482 0.0000
10843425 0 0.3000 4.0482 0.0000
10844425 0 0.3000 4.0482 0.0000
10845425 0 0.3000 4.0482 0.0000
10846426 0 0.3000 4.0482 0.0000
10847427 0 0.3000 4.0482 0.0000
10848426 0 0.3000 4.0482 0.0000
10849427 0 0.3000 4.0482 0.0000
10850427 0 0.3000 4.0482 0.0000
10851427 0 0.3000 4.0482 0.0000
10852427 0 0.3000 4.0482 0.0000
10853427 0 0.3000 4.0482 0.0000
10854421 0 0.3000 4.0482 0.0000
10855422 0 0.3000 4.0482 0.0000
10856423 0 0.3000 4.0482 0.0000
10857422 0 0.3000 4.0482 0.0000
10858422 0 0.3000 4.0482 0.0000
10859423 0 0.3000 4.0482 0.0000
10860422 0 0.3000 4.0482 0.0000
10861422 0 0.3000 4.0482 0.0000
10862423 0 0.3000 4.0482 0.0000
10863423 0 0.3000 4.0482 0.0000
10864424 0 0.3000 4.0482 0.0000
10865425 0 0.3000 4.0482 0.0000
10866425 0 0.3000 4.0482 0.0000
10867424 0 0.3000 4.0482 0.0000
10868424 0 0.3000 4.0482 0.0000
10869424 0 0.3000 4.0482 0.0000
10870425 0 0.3000 4.0482 0.0000
10871425 0 0.3000 4.0482 0.0000
10872425 0 0.3000 4.0482 0.0000
10873423 0 0.3000 4.9072 0.8590
10874421 0 0.3000 5.0407 0.1335
10875427 0 0.3000 5.1833 0.1427
10876426 0 0.3000 5.3352 0.1519
10877427 0 0.3000 5.4978 0.1626
10878424 0 0.3000 5.6696 0.1718
10879424 0 0.3000 5.8552 0.1856
10880422 0 0.3000 6.0500 0.1948
10881427 0 0.3000 6.2540 0.2040
10882423 0 0.3000 0.1871 0.2163
10883422 0 0.3000 0.4111 0.2240
10884427 0 0.3000 0.6473 0.2362
10885421 0 0.3000 0.8974 0.2500
10886424 0 0.3000 1.1582 0.2608
10887425 0 0.3000 1.1582 0.0000
10888423 0 0.3000 1.1582 0.0000
10889422 0 0.3000 1.1582 0.0000
10890423 0 0.3000 1.1582 0.0000
10891423 0 0.3000 1.1582 0.0000
10892423 0 0.3000 1.1582 0.0000
10893423 0 0.3000 1.1582 0.0000
10894424 0 0.3000 1.1582 0.0000
10895424 0 0.3000 1.1582 0.0000
10896425 0 0.3000 1.1582 0.0000
10897426 0 0.3000 1.4312 0.2730
10898428 0 0.3000 1.7135 0.2823
10899428 0 0.3000 2.0080 0.2945
10900424 0 0.3000 2.3132 0.3053
10901421 0 0.3000 2.6323 0.3191
10902427 0 0.3000 2.9621 0.3298
10903425 0 0.3000 3.3011 0.3390
10904426 0 0.3000 3.6493 0.3482
10905428 0 0.3000 4.0098 0.3605
10906423 0 0.3000 4.3841 0.3743
10907423 0 0.3000 4.3841 0.0000
10908423 0 0.3000 4.3841 0.0000
10909423 0 0.3000 4.3841 0.0000
10910424 0 0.3000 4.3841 0.0000
10911424 0 0.3000 4.3841 0.0000
10912425 0 0.3000 4.3841 0.0000
10913426 0 0.3000 4.3841 0.0000
10914426 0 0.3000 4.3841 0.0000
10915426 0 0.3000 4.3841 0.0000
10916426 0 0.3000 4.3841 0.0000
10917423 0 0.3000 4.7707 0.3866
10918422 0 0.3000 5.1680 0.3973
10919422 0 0.3000 5.5776 0.4096
10920422 0 0.3000 5.9963 0.4188
10921422 0 0.3000 0.1411 0.4280
10922423 0 0.3000 0.5783 0.4372
10923426 0 0.3000 1.0293 0.4510
10924423 0 0.3000 1.4956 0.4663
10925423 0 0.3000 1.9742 0.4786
10926422 0 0.3000 2.4651 0.4909
10927422 0 0.3000 2.4651 0.0000
10928422 0 0.3000 2.4651 0.0000
10929422 0 0.3000 2.4651 0.0000
10930422 0 0.3000 2.4651 0.0000
10931423 0 0.3000 2.4651 0.0000
10932424 0 0.3000 2.4651 0.0000
10933425 0 0.3000 2.4651 0.0000
10934425 0 0.3000 2.4651 0.0000
10935425 0 0.3000 2.4651 0.0000
10936425 0 0.3000 2.4651 0.0000
10937425 0 0.3000 2.4651 0.0000
10938426 0 0.3000 2.4651 0.0000
10939426 0 0.3000 2.4651 0.0000
10940427 0 0.3000 2.4651 0.0000
10941428 0 0.3000 2.4651 0.0000
10942428 0 0.3000 2.4651 0.0000
10943428 0 0.3000 2.4651 0.0000
10944421 0 0.3000 2.4651 0.0000
10945422 0 0.3000 2.4651 0.0000
10946422 0 0.3000 2.4651 0.0000
10947423 0 0.3000 2.4651 0.0000
10948422 0 0.3000 2.4651 0.0000
10949422 0 0.3000 2.4651 0.0000
10950422 0 0.3000 2.4651 0.0000
10951423 0 0.3000 2.4651 0.0000
10952422 0 0.3000 2.4651 0.0000
10953422 0 0.3000 2.4651 0.0000
10954422 0 0.3000 2.4651 0.0000
10955422 0 0.3000 2.4651 0.0000
10956422 0 0.3000 2.4651 0.0000
10957422 0 0.3000 2.4651 0.0000
10958423 0 0.3000 2.4651 0.0000
10959422 0 0.3000 2.4651 0.0000
10960422 0 0.3000 2.4651 0.0000
10961423 0 0.3000 2.4651 0.0000
10962424 0 0.3000 2.4651 0.0000
10963424 0 0.3000 2.4651 0.0000
10964424 0 0.3000 2.4651 0.0000
10965425 0 0.3000 2.4651 0.0000
10966426 0 0.3000 2.4651 0.0000
10967425 0 0.3000 2.4651 0.0000
10968425 0 0.3000 2.4651 0.0000
10969426 0 0.3000 2.4651 0.0000
10970426 0 0.3000 2.4651 0.0000
10971427 0 0.3000 2.4651 0.0000
10972427 0 0.3000 2.4651 0.0000
10973427 0 0.3000 2.4651 0.0000
10974421 0 0.3000 2.4651 0.0000
10975421 0 0.3000 2.4651 0.0000
10976421 0 0.3000 2.4651 0.0000
10977421 0 0.3000 2.4651 0.0000
10978422 0 0.3000 2.4651 0.0000
10979422 0 0.3000 2.4651 0.0000
10980423 0 0.3000 2.4651 0.0000
10981423 0 0.3000 2.4651 0.0000
10982423 0 0.3000 2.4651 0.0000
10983423 0 0.3000 2.4651 0.0000
10984424 0 0.3000 2.4651 0.0000
10985423 0 0.3000 2.4651 0.0000
10986424 0 0.3000 2.4651 0.0000
10987424 0 0.3000 2.4651 0.0000
10988425 0 0.3000 2.4651 0.0000
10989425 0 0.3000 2.4651 0.0000
10990426 0 0.3000 2.4651 0.0000
10991426 0 0.3000 2.4651 0.0000
10992426 0 0.3000 2.4651 0.0000
10993426 0 0.3000 2.4651 0.0000
10994427 0 0.3000 2.4651 0.0000
10995428 0 0.3000 2.4651 0.0000
10996422 0 0.3000 2.4651 0.0000
10997422 0 0.3000 2.4651 0.0000
10998422 0 0.3000 2.4651 0.0000
10999423 0 0.3000 2.4651 0.0000
11000423 0 0.3000 2.4651 0.0000
11001423 0 0.3000 2.4651 0.0000
11002423 0 0.3000 2.4651 0.0000
11003424 0 0.3000 2.4651 0.0000
11004424 0 0.3000 2.4651 0.0000
11005424 0 0.3000 2.4651 0.0000
11006424 0 0.3000 2.4651 0.0000
11007424 0 0.3000 2.4651 0.0000
11008425 0 0.3000 2.4651 0.0000
11009425 0 0.3000 2.4651 0.0000
11010426 0 0.3000 2.4651 0.0000
11011427 0 0.3000 2.4651 0.0000
11012427 0 0.3000 2.4651 0.0000
11013427 0 0.3000 2.4651 0.0000
11014421 0 0.3000 2.4651 0.0000
11015421 0 0.3000 2.4651 0.0000
11016421 0 0.3000 2.4651 0.0000
11017421 0 0.3000 2.4651 0.0000
11018422 0 0.3000 2.4651 0.0000
11019421 0 0.3000 2.4651 0.0000
11020421 0 0.3000 2.4651 0.0000
11021421 0 0.3000 2.4651 0.0000
11022421 0 0.3000 2.4651 0.0000
11023422 0 0.3000 2.4651 0.0000
11024422 0 0.3000 2.4651 0.0000
