5535422 0 0.0000 2.8118 0.0000
5541422 0 0.2000 2.8118 0.0000
5543427 0 0.2000 2.8118 0.0000
5545426 0 0.2000 2.8118 0.0000
5547427 0 0.2000 2.8164 0.0046
5549425 0 0.2000 2.8578 0.0414
5561427 0 0.2000 2.9268 0.0690
5563422 0 0.2000 3.0296 0.1028
5565423 0 0.2000 3.1646 0.1350
5567426 0 0.2000 3.3257 0.1611
5569423 0 0.2000 3.5159 0.1902
5581427 0 0.2000 3.7352 0.2194
5583422 0 0.2000 3.9807 0.2454
5585428 0 0.2000 4.2522 0.2715
5587427 0 0.2000 4.5529 0.3007
5589423 0 0.2000 4.8781 0.3252
5601428 0 0.2000 5.2309 0.3528
5603428 0 0.2000 5.6144 0.3835
5605424 0 0.2000 6.0224 0.4080
5612426 0 0.2000 6.0224 0.0000
5614426 0 0.2000 0.1749 0.4357
5616424 0 0.2000 0.6412 0.4663
5618426 0 0.2000 1.1382 0.4970
5620427 0 0.2000 1.6659 0.5277
5622426 0 0.2000 2.2289 0.5630
5624428 0 0.2000 2.8179 0.5890
5635426 0 0.2000 3.1217 0.3037
5637425 0 0.2000 3.7521 0.6305
5639422 0 0.2000 4.4163 0.6642
5640422 0 0.2000 4.7615 0.3451
5641428 0 0.2000 5.1128 0.3513
5642422 0 0.2000 5.4732 0.3605
5643423 0 0.2000 5.8399 0.3666
5644425 0 0.2000 6.2126 0.3728
5655422 0 0.2000 0.3083 0.3789
5656422 0 0.2000 0.6934 0.3850
5657425 0 0.2000 1.0799 0.3866
5658427 0 0.2000 1.4972 0.4172
5659428 0 0.2000 1.9113 0.4142
5660423 0 0.2000 2.3347 0.4234
5661424 0 0.2000 2.7627 0.4280
5662422 0 0.2000 3.1953 0.4326
5663427 0 0.2000 3.6309 0.4357
5664424 0 0.2000 4.0789 0.4479
5675422 0 0.2000 4.5406 0.4617
5676427 0 0.2000 5.0100 0.4694
5677425 0 0.2000 5.4886 0.4786
5678422 0 0.2000 5.9733 0.4847
5679422 0 0.2000 0.1795 0.4893
5680424 0 0.2000 0.6750 0.4955
5681425 0 0.2000 1.1812 0.5062
5682426 0 0.2000 1.6981 0.5170
5683425 0 0.2000 2.2243 0.5262
5684424 0 0.2000 2.7550 0.5308
5695429 0 0.2000 3.2858 0.5308
5696424 0 0.2000 3.8211 0.5354
5698427 0 0.2000 4.9302 1.1091
5700426 0 0.2000 6.0792 1.1490
5702422 0 0.2000 0.9618 1.1658
5709423 0 0.2000 0.9618 0.0000
5711425 0 0.2000 2.1690 1.2072
5713423 0 0.2000 3.3947 1.2257
5715425 0 0.2000 4.6388 1.2441
5717426 0 0.2000 5.9396 1.3008
5719424 0 0.2000 0.3114 0.6550
5729425 0 0.2000 0.9695 0.6581
5731422 0 0.2000 2.3301 1.3606
5733426 0 0.2000 3.7015 1.3714
5735427 0 0.2000 5.1036 1.4021
8738427 1 0.0000 1.5478 0.0000
8741422 1 0.2000 1.5478 0.0000
8743424 1 0.2000 1.5478 0.0000
8745426 1 0.2000 1.5478 0.0000
8747422 1 0.2000 1.5478 0.0000
8749428 1 0.2000 1.5509 0.0031
8751425 1 0.2000 1.5631 0.0123
8761428 1 0.2000 1.5846 0.0215
8763427 1 0.2000 1.6475 0.0629
8765427 1 0.2000 1.7411 0.0936
8767428 1 0.2000 1.8715 0.1304
8769427 1 0.2000 2.0279 0.1565
8771427 1 0.2000 2.1184 0.0905
8781425 1 0.2000 2.2166 0.0982
8783429 1 0.2000 2.4406 0.2240
8785422 1 0.2000 2.6937 0.2531
8787422 1 0.2000 2.9790 0.2853
8789427 1 0.2000 3.2965 0.3175
8791427 1 0.2000 3.4653 0.1687
8802425 1 0.2000 3.6417 0.1764
8804425 1 0.2000 4.0175 0.3758
8806426 1 0.2000 4.4225 0.4050
8808423 1 0.2000 4.8535 0.4310
8810427 1 0.2000 5.3137 0.4602
8822428 1 0.2000 5.8015 0.4878
8830427 1 0.2000 5.8015 0.0000
8832426 1 0.2000 0.2991 0.7808
8834427 1 0.2000 0.8575 0.5584
8836423 1 0.2000 1.4481 0.5906
8838424 1 0.2000 2.0709 0.6228
8840426 1 0.2000 2.7243 0.6535
8842427 1 0.2000 3.4008 0.6765
8844427 1 0.2000 4.1080 0.7072
8856422 1 0.2000 4.8520 0.7440
8858426 1 0.2000 5.6297 0.7777
8860422 1 0.2000 0.1473 0.8007
8862422 1 0.2000 0.9771 0.8299
8864429 1 0.2000 1.8484 0.8713
8876427 1 0.2000 2.7504 0.9020
8878425 1 0.2000 3.6677 0.9173
8880427 1 0.2000 4.6265 0.9587
8882427 1 0.2000 5.6236 0.9971
8884426 1 0.2000 0.3620 1.0216
8896422 1 0.2000 1.4143 1.0523
8897427 1 0.2000 1.9558 0.5415
8898427 1 0.2000 2.5050 0.5492
8899428 1 0.2000 3.0572 0.5522
8900427 1 0.2000 3.6079 0.5507
8901426 1 0.2000 4.1694 0.5614
8902422 1 0.2000 4.7446 0.5752
8903425 1 0.2000 5.3321 0.5875
8904423 1 0.2000 5.9273 0.5952
8905429 1 0.2000 0.2408 0.5967
8916423 1 0.2000 0.8406 0.5998
8917426 1 0.2000 1.4542 0.6136
8918422 1 0.2000 2.0801 0.6259
8919425 1 0.2000 2.7105 0.6305
8920424 1 0.2000 3.3226 0.6121
8927423 1 0.2000 3.3226 0.0000
8928423 1 0.2000 3.9684 0.6458
8929423 1 0.2000 4.6127 0.6443
8930424 1 0.2000 5.2754 0.6627
8931425 1 0.2000 5.9472 0.6719
8932425 1 0.2000 0.3375 0.6734
8933423 1 0.2000 1.0124 0.6750
8934425 1 0.2000 1.7012 0.6888
8935423 1 0.2000 2.4053 0.7041
8936422 1 0.2000 3.1109 0.7056
8937422 1 0.2000 3.8104 0.6995
8938427 1 0.2000 4.5191 0.7087
11941427 2 0.0000 4.6357 0.0000
11942426 2 0.2000 4.6357 0.0000
11943423 2 0.2000 4.6357 0.0000
11944423 2 0.2000 4.6357 0.0000
11945427 2 0.2000 4.6357 0.0000
11946423 2 0.2000 4.6357 0.0000
11947427 2 0.2000 4.6357 0.0000
11948423 2 0.2000 4.6357 0.0000
11949425 2 0.2000 4.6357 0.0000
11950429 2 0.2000 4.6357 0.0000
11951422 2 0.2000 4.6357 0.0000
11962426 2 0.2000 4.6357 0.0000
11963429 2 0.2000 4.6449 0.0092
11964422 2 0.2000 4.6587 0.0138
11965423 2 0.2000 4.6802 0.0215
11966429 2 0.2000 4.7047 0.0245
11967422 2 0.2000 4.7369 0.0322
11968422 2 0.2000 4.7753 0.0383
11969422 2 0.2000 4.8228 0.0476
11970426 2 0.2000 4.8750 0.0522
11971428 2 0.2000 4.9333 0.0583
11982427 2 0.2000 4.9962 0.0629
11983427 2 0.2000 5.0667 0.0706
11984429 2 0.2000 5.1419 0.0752
11985422 2 0.2000 5.2278 0.0859
11986422 2 0.2000 5.3183 0.0905
11987426 2 0.2000 5.4165 0.0982
11988425 2 0.2000 5.5193 0.1028
11989423 2 0.2000 5.6297 0.1104
11991425 2 0.2000 5.8736 0.2439
12002426 2 0.2000 6.0055 0.1319
12004424 2 0.2000 0.0077 0.2853
12006422 2 0.2000 0.3206 0.3129
12008427 2 0.2000 0.6642 0.3436
12010422 2 0.2000 1.0385 0.3743
12012428 2 0.2000 1.2364 0.1979
12022426 2 0.2000 1.4419 0.2056
12024425 2 0.2000 1.8776 0.4357
12026428 2 0.2000 2.3470 0.4694
12028427 2 0.2000 2.8440 0.4970
12030422 2 0.2000 3.3686 0.5246
12037426 2 0.2000 3.3686 0.0000
12039426 2 0.2000 3.9239 0.5553
12041425 2 0.2000 4.5114 0.5875
12043427 2 0.2000 5.1296 0.6182
12045422 2 0.2000 5.7770 0.6473
12057423 2 0.2000 6.1098 0.3329
12059423 2 0.2000 0.5123 0.6857
12061427 2 0.2000 1.2318 0.7194
12063427 2 0.2000 1.9850 0.7532
12065427 2 0.2000 2.7704 0.7854
12077426 2 0.2000 3.5742 0.8038
12079425 2 0.2000 4.4148 0.8406
12081428 2 0.2000 5.2953 0.8805
12083422 2 0.2000 6.2034 0.9081
12085424 2 0.2000 0.8529 0.9327
12097425 2 0.2000 1.8285 0.9756
12099423 2 0.2000 2.8333 1.0048
12101422 2 0.2000 3.8503 1.0170
12103429 2 0.2000 4.9133 1.0630
12105427 2 0.2000 6.0132 1.0999
12117428 2 0.2000 0.8468 1.1167
12119422 2 0.2000 2.0049 1.1582
12121428 2 0.2000 3.1876 1.1827
12123427 2 0.2000 4.3810 1.1934
12125427 2 0.2000 5.6312 1.2502
12137428 2 0.2000 0.6167 1.2686
12145426 2 0.2000 0.6167 0.0000
15148423 3 0.0000 3.6493 0.0000
15150422 3 0.2000 3.6493 0.0000
15158424 3 0.2000 3.6493 0.0000
15160424 3 0.2000 3.6493 0.0000
15162423 3 0.2000 3.6493 0.0000
15164426 3 0.2000 3.6493 0.0000
15166427 3 0.2000 3.6539 0.0046
15168425 3 0.2000 3.6877 0.0337
15170424 3 0.2000 3.7429 0.0552
15172422 3 0.2000 3.8288 0.0859
15183424 3 0.2000 3.8794 0.0506
15185426 3 0.2000 4.0037 0.1243
15187422 3 0.2000 4.1494 0.1457
15189427 3 0.2000 4.3243 0.1749
15190429 3 0.2000 4.4194 0.0951
15191425 3 0.2000 4.5191 0.0997
15192423 3 0.2000 4.6265 0.1074
15203423 3 0.2000 4.7415 0.1150
15204423 3 0.2000 4.8643 0.1227
15205426 3 0.2000 4.9916 0.1273
15206422 3 0.2000 5.1266 0.1350
15207427 3 0.2000 5.2677 0.1411
15208426 3 0.2000 5.4150 0.1473
15209426 3 0.2000 5.5699 0.1549
15210427 3 0.2000 5.7325 0.1626
15211427 3 0.2000 5.9028 0.1703
15212428 3 0.2000 6.0792 0.1764
15223428 3 0.2000 6.2602 0.1810
15224426 3 0.2000 0.1687 0.1917
15225427 3 0.2000 0.3651 0.1963
15226426 3 0.2000 0.5706 0.2056
15227426 3 0.2000 0.7777 0.2071
15228425 3 0.2000 1.0048 0.2270
15229424 3 0.2000 1.2318 0.2270
15230425 3 0.2000 1.4665 0.2347
15231425 3 0.2000 1.7104 0.2439
15232428 3 0.2000 1.9635 0.2531
15243422 3 0.2000 2.2243 0.2608
15244429 3 0.2000 2.4927 0.2684
15246424 3 0.2000 3.0465 0.5538
15248427 3 0.2000 3.6294 0.5829
15255424 3 0.2000 3.6294 0.0000
15259424 3 0.2000 3.9331 0.3037
15261425 3 0.2000 4.5651 0.6320
15263423 3 0.2000 5.2278 0.6627
15265427 3 0.2000 5.9196 0.6918
15267427 3 0.2000 0.3528 0.7164
15269428 3 0.2000 1.1014 0.7486
15271423 3 0.2000 1.8853 0.7839
15273428 3 0.2000 2.2918 0.4065
15283427 3 0.2000 2.7029 0.4111
15285425 3 0.2000 3.5374 0.8345
15287427 3 0.2000 4.4102 0.8728
15289426 3 0.2000 5.3214 0.9112
15291429 3 0.2000 6.2617 0.9403
15293427 3 0.2000 0.4571 0.4786
15304429 3 0.2000 1.4419 0.9848
15306422 3 0.2000 1.9497 0.5077
15308427 3 0.2000 2.9729 1.0232
15310426 3 0.2000 4.0328 1.0600
15312426 3 0.2000 5.1281 1.0953
15324424 3 0.2000 6.2556 1.1275
15326425 3 0.2000 1.1060 1.1336
15328424 3 0.2000 2.3117 1.2057
15330427 3 0.2000 3.5144 1.2026
15332426 3 0.2000 4.7431 1.2287
15344422 3 0.2000 6.0101 1.2671
15346424 3 0.2000 1.0370 1.3100
15348422 3 0.2000 2.3792 1.3422
18350423 4 0.0000 5.4840 0.0000
18356422 4 0.2000 5.4840 0.0000
18358425 4 0.2000 5.4840 0.0000
18360423 4 0.2000 5.4840 0.0000
18362424 4 0.2000 5.4840 0.0000
18369423 4 0.2000 5.4840 0.0000
18371424 4 0.2000 5.4840 0.0000
18373423 4 0.2000 5.4978 0.0138
18375423 4 0.2000 5.5423 0.0445
18377426 4 0.2000 5.6128 0.0706
18379425 4 0.2000 5.7141 0.1012
18390426 4 0.2000 5.7754 0.0614
18392425 4 0.2000 5.9166 0.1411
18394424 4 0.2000 6.0853 0.1687
18396426 4 0.2000 0.0015 0.1994
18398425 4 0.2000 0.2255 0.2240
18410425 4 0.2000 0.4801 0.2546
18412425 4 0.2000 0.7639 0.2838
18414422 4 0.2000 1.0723 0.3083
18416423 4 0.2000 1.4205 0.3482
18418424 4 0.2000 1.7963 0.3758
18430426 4 0.2000 2.2043 0.4080
18432424 4 0.2000 2.6384 0.4341
18434424 4 0.2000 3.1109 0.4725
18436424 4 0.2000 3.6049 0.4939
18438426 4 0.2000 4.1341 0.5292
18450426 4 0.2000 4.6940 0.5599
18451427 4 0.2000 4.9839 0.2899
18452427 4 0.2000 5.2815 0.2976
18453424 4 0.2000 5.5852 0.3037
18454422 4 0.2000 5.8966 0.3114
18455428 4 0.2000 6.2142 0.3175
18456428 4 0.2000 0.2546 0.3237
18457424 4 0.2000 0.5860 0.3313
18458429 4 0.2000 0.9250 0.3390
18459422 4 0.2000 1.2747 0.3497
18476428 4 0.2000 1.2747 0.0000
18477424 4 0.2000 1.6322 0.3574
18478425 4 0.2000 1.9972 0.3651
18479425 4 0.2000 2.3715 0.3743
18480423 4 0.2000 2.7520 0.3804
18481424 4 0.2000 3.1355 0.3835
18482423 4 0.2000 3.5251 0.3896
18483428 4 0.2000 3.9239 0.3988
18484422 4 0.2000 4.3350 0.4111
18485424 4 0.2000 4.7553 0.4203
18486423 4 0.2000 5.1833 0.4280
18487424 4 0.2000 5.6205 0.4372
18488425 4 0.2000 6.0623 0.4418
18489423 4 0.2000 0.2270 0.4479
18490423 4 0.2000 0.6811 0.4541
18491428 4 0.2000 1.1459 0.4648
18492428 4 0.2000 1.6214 0.4755
18493428 4 0.2000 2.1062 0.4847
18504429 4 0.2000 2.5986 0.4924
18505426 4 0.2000 3.0925 0.4939
18507429 4 0.2000 4.0957 1.0032
18509428 4 0.2000 5.1450 1.0492
18511426 4 0.2000 6.2280 1.0830
18513422 4 0.2000 1.0477 1.1029
18524423 4 0.2000 1.6153 0.5676
18526424 4 0.2000 2.7765 1.1612
18528425 4 0.2000 3.9408 1.1643
18530428 4 0.2000 5.1542 1.2134
18532426 4 0.2000 0.1197 1.2487
18534427 4 0.2000 0.7455 0.6259
18544427 4 0.2000 1.3852 0.6397
18546426 4 0.2000 2.6952 1.3100
18548429 4 0.2000 4.0068 1.3116
18550422 4 0.2000 5.3705 1.3637
